0 151
1 129
1 134
1 151
2 129
3 129
3 140
3 150
4 124
4 125
4 129
4 140
4 146
4 150
5 151
6 125
6 129
7 151
8 125
8 129
9 151
10 151
11 129
12 129
12 134
12 151
13 129
13 151
14 125
14 129
15 129
15 151
16 130
17 124
17 129
17 131
17 152
18 16
18 17
18 129
18 130
18 139
18 143
19 129
19 155
20 99
20 129
21 124
21 129
22 129
22 156
23 129
23 150
23 151
24 129
25 124
25 129
25 146
25 150
26 83
26 124
26 129
26 140
26 151
27 129
27 132
27 139
27 146
27 151
27 157
28 129
29 124
29 129
29 140
29 146
29 151
29 158
30 129
30 140
30 150
30 151
30 154
30 159
31 129
31 130
31 131
31 132
31 140
31 146
31 159
32 129
32 140
32 146
32 147
32 149
32 151
33 65
33 83
33 115
33 116
33 124
33 129
33 133
33 134
33 135
33 143
33 147
33 150
34 122
34 124
34 129
35 129
35 133
36 89
36 129
36 133
36 134
36 160
36 161
37 124
37 126
37 129
37 133
38 124
38 125
38 129
38 134
38 146
38 162
39 124
39 125
39 129
39 133
39 135
39 143
39 144
39 150
40 129
41 124
41 125
41 129
41 133
41 135
41 143
41 144
41 145
42 87
42 101
42 102
42 103
42 104
42 105
42 106
42 124
42 125
42 129
42 130
42 136
42 145
42 149
42 150
42 151
43 75
43 121
43 124
43 129
43 137
44 122
44 129
44 130
44 136
44 143
44 144
44 150
44 151
45 129
46 129
46 151
47 124
47 129
47 136
47 150
47 151
47 163
47 164
48 129
48 153
49 87
49 125
49 129
49 137
49 153
50 87
50 124
50 125
50 129
50 130
50 142
51 89
51 122
51 124
51 129
51 130
51 131
51 132
51 142
51 144
51 150
52 124
52 129
52 130
52 142
52 150
53 124
53 129
53 130
53 142
53 150
54 129
55 129
55 142
56 124
56 129
56 133
56 144
56 151
57 68
57 121
57 128
57 129
57 132
57 133
58 122
58 129
58 132
58 133
59 129
60 36
60 58
60 91
60 115
60 116
60 124
60 125
60 129
60 138
60 143
60 144
60 148
60 150
60 165
61 123
61 124
61 129
61 141
61 150
62 123
62 124
62 129
62 131
62 141
63 61
63 62
63 74
63 125
63 129
63 131
63 141
63 145
63 166
64 33
64 140
64 163
65 33
65 124
66 67
66 71
66 73
66 75
66 76
66 155
66 156
66 157
66 158
66 159
66 160
66 161
66 162
66 163
66 164
66 165
66 166
66 167
66 168
66 169
66 170
66 171
66 172
66 173
66 174
66 175
67 77
68 152
69 176
69 177
70 87
70 91
70 129
70 178
71 152
72 87
72 91
72 93
72 95
72 96
72 98
72 124
72 126
72 129
73 61
73 65
73 66
73 67
73 68
73 69
73 70
73 71
73 74
73 75
73 76
73 126
73 129
73 149
73 155
73 156
73 157
73 158
73 159
73 160
73 161
73 162
73 163
73 164
73 165
73 166
73 167
73 168
73 169
73 170
73 171
73 172
73 173
73 174
73 175
73 176
73 177
73 179
73 180
74 78
74 79
74 80
74 81
74 118
74 126
74 129
75 43
76 51
76 52
76 53
77 29
77 30
77 38
77 64
77 65
77 66
77 67
77 71
77 73
77 75
77 76
77 83
77 84
77 126
77 129
77 155
77 156
77 157
77 158
77 159
77 160
77 161
77 162
77 163
77 164
77 165
77 166
77 167
77 168
77 169
77 170
77 171
77 172
77 173
77 174
77 175
77 181
78 74
78 79
78 80
78 81
79 74
79 78
79 80
79 81
80 74
80 78
80 79
80 81
81 74
81 78
81 79
81 80
82 11
82 24
82 38
82 40
82 45
82 68
82 83
82 84
82 85
82 86
82 87
82 91
82 94
82 98
82 117
82 119
82 124
82 129
82 131
82 132
82 134
82 135
82 136
82 137
82 138
82 139
82 140
82 141
82 142
82 143
82 144
82 145
82 146
82 147
82 148
82 149
82 151
82 153
82 154
82 181
83 4
83 19
83 20
83 21
83 25
83 26
83 31
83 32
83 84
83 86
83 87
83 89
83 91
83 93
83 95
83 96
83 98
83 99
83 100
83 124
83 126
83 129
83 131
83 140
83 145
83 146
83 147
84 91
84 124
84 129
85 94
86 95
86 99
87 50
87 83
87 95
87 96
87 124
87 129
87 150
88 97
88 127
88 167
89 46
89 51
89 68
89 74
89 117
89 119
89 124
89 129
89 130
89 136
89 142
89 149
89 150
89 154
89 167
90 179
91 84
91 93
91 124
91 129
92 55
92 91
92 93
92 124
93 68
93 82
93 83
93 84
93 92
93 124
93 126
93 147
93 179
93 180
93 182
94 85
94 124
95 45
95 68
95 86
95 93
95 99
95 124
95 167
96 4
96 21
96 83
96 84
96 89
96 91
96 95
96 97
96 98
96 119
96 124
96 126
96 128
96 129
96 130
96 149
97 88
97 119
97 127
97 129
97 130
97 150
98 4
98 83
98 100
98 124
99 20
99 68
99 86
99 93
99 95
99 124
99 167
100 11
100 21
100 29
100 30
100 31
100 71
100 72
100 74
100 83
100 87
100 91
100 98
100 119
100 124
100 126
100 128
100 129
100 140
100 145
100 146
100 147
100 149
100 150
100 154
101 47
101 122
101 133
101 136
102 121
103 121
104 122
105 122
106 47
106 122
106 129
106 130
106 151
107 16
107 119
107 124
107 126
107 130
107 139
107 150
107 152
108 53
108 119
108 124
108 126
108 130
108 142
108 150
108 152
109 53
109 119
109 124
109 126
109 130
109 142
109 150
109 152
110 53
110 119
110 124
110 126
110 130
110 142
110 150
110 152
111 53
111 119
111 124
111 126
111 130
111 142
111 150
111 152
112 53
112 119
112 124
112 126
112 130
112 142
112 150
112 152
113 17
113 68
113 74
113 114
113 118
113 121
113 129
113 139
113 178
114 129
115 124
115 129
115 132
115 134
115 135
115 136
115 137
115 138
115 139
115 140
115 141
115 142
115 144
115 146
115 151
116 119
116 122
116 129
116 130
116 131
116 132
116 133
116 134
116 135
116 136
116 137
116 138
116 139
116 140
116 141
116 142
116 144
116 146
116 151
117 70
117 82
117 89
117 95
117 113
117 119
117 124
117 129
117 139
117 145
117 147
117 149
118 113
118 121
119 48
119 107
119 108
119 109
119 110
119 111
119 112
119 115
119 116
119 117
119 122
119 123
119 124
119 127
119 128
119 129
119 130
119 131
119 132
119 133
119 138
119 139
119 142
119 144
119 145
119 147
119 149
119 150
119 151
119 152
119 153
119 154
120 50
120 53
120 67
120 122
120 124
120 131
120 142
120 149
120 150
120 154
121 32
121 42
121 124
121 130
121 151
122 70
122 74
122 98
122 117
122 129
122 139
122 143
122 148
123 17
123 54
123 61
123 62
123 63
123 67
123 74
123 124
124 0
124 1
124 2
124 3
124 4
124 5
124 6
124 7
124 8
124 9
124 10
124 11
124 12
124 13
124 14
124 15
124 16
124 17
124 18
124 19
124 20
124 21
124 22
124 23
124 24
124 25
124 26
124 27
124 28
124 29
124 30
124 31
124 32
124 33
124 34
124 35
124 36
124 37
124 38
124 39
124 40
124 41
124 42
124 43
124 44
124 45
124 46
124 47
124 48
124 49
124 50
124 51
124 52
124 53
124 54
124 55
124 56
124 57
124 58
124 59
124 60
124 61
124 62
124 63
124 126
124 128
124 129
124 130
124 131
124 132
124 133
124 134
124 135
124 136
124 137
124 138
124 139
124 140
124 141
124 142
124 143
124 144
124 145
124 146
124 149
124 150
124 183
124 184
124 185
125 3
125 4
125 6
125 8
125 14
125 15
125 17
125 18
125 22
125 28
125 31
125 33
125 37
125 39
125 41
125 42
125 43
125 45
125 48
125 52
125 53
125 59
125 61
125 62
125 63
125 123
125 129
126 66
126 83
126 98
126 124
126 129
126 134
126 135
126 136
126 137
126 138
126 139
126 140
126 141
126 142
126 143
126 144
126 145
126 146
127 88
127 97
127 126
128 101
128 102
128 103
128 104
128 105
128 106
128 107
128 108
128 109
128 110
128 111
128 112
128 124
128 126
128 129
128 130
128 131
128 132
128 133
128 150
128 151
129 1
129 2
129 3
129 4
129 5
129 6
129 8
129 9
129 11
129 13
129 14
129 15
129 16
129 17
129 18
129 19
129 20
129 21
129 22
129 23
129 24
129 25
129 26
129 27
129 28
129 29
129 30
129 31
129 32
129 33
129 34
129 35
129 36
129 37
129 38
129 39
129 40
129 41
129 42
129 43
129 44
129 45
129 46
129 47
129 48
129 49
129 50
129 51
129 52
129 53
129 54
129 55
129 56
129 57
129 58
129 59
129 60
129 61
129 62
129 64
129 68
129 83
129 87
129 89
129 98
129 107
129 114
129 115
129 117
129 119
129 120
129 123
129 124
129 125
129 126
129 127
129 128
129 130
129 131
129 132
129 133
129 134
129 135
129 136
129 137
129 138
129 139
129 140
129 141
129 142
129 143
129 144
129 145
129 146
129 147
129 149
129 150
129 151
129 152
129 153
129 154
129 167
129 184
129 185
129 186
130 129
131 17
131 31
131 47
131 54
131 56
131 61
131 62
131 63
131 105
131 123
131 124
131 129
131 141
131 149
131 152
132 27
132 32
132 44
132 51
132 52
132 53
132 124
132 129
132 151
133 33
133 34
133 35
133 36
133 37
133 38
133 39
133 40
133 41
133 56
133 57
133 58
133 59
133 60
133 101
133 116
133 125
133 126
133 128
133 129
133 134
133 135
133 143
133 145
133 150
133 151
133 152
133 153
133 172
133 180
134 35
134 36
134 38
134 40
134 83
134 124
134 126
134 129
134 132
134 143
134 144
134 145
134 151
135 33
135 37
135 39
135 41
135 67
135 83
135 84
135 98
135 115
135 116
135 117
135 123
135 124
135 128
135 129
135 132
135 133
135 134
135 136
135 137
135 138
135 139
135 140
135 141
135 142
135 143
135 144
135 145
135 147
135 148
135 149
135 151
135 174
135 175
136 1
136 12
136 42
136 44
136 45
136 46
136 47
136 67
136 68
136 83
136 87
136 89
136 100
136 101
136 115
136 116
136 119
136 122
136 124
136 129
136 132
136 134
136 135
136 137
136 138
136 139
136 140
136 141
136 142
136 143
136 144
136 145
136 147
136 150
136 151
136 154
136 164
136 176
136 179
137 43
137 48
137 121
138 34
138 56
138 57
138 58
138 60
138 93
138 129
138 132
138 133
138 134
138 135
138 136
138 137
138 139
138 140
138 141
138 142
138 143
138 144
138 145
138 146
139 6
139 14
139 17
139 18
139 23
139 27
139 28
139 129
140 4
140 20
140 25
140 26
140 30
140 31
140 32
140 100
140 115
140 116
140 129
141 61
141 62
141 63
141 73
141 83
141 100
141 101
141 124
141 143
141 144
141 145
141 166
141 167
142 50
142 51
142 52
142 53
142 54
142 55
142 89
142 108
142 109
142 110
142 111
142 112
142 115
142 116
142 121
142 124
142 129
142 144
142 150
142 154
143 16
143 17
143 18
143 33
143 34
143 35
143 36
143 37
143 38
143 39
143 40
143 41
143 42
143 43
143 44
143 45
143 46
143 47
143 48
143 49
143 50
143 51
143 52
143 53
143 54
143 55
143 56
143 57
143 58
143 59
143 60
143 61
143 62
143 63
143 113
143 115
143 116
143 122
143 124
143 126
143 127
143 128
143 129
143 130
143 131
143 132
143 133
143 134
143 135
143 136
143 137
143 138
143 139
143 141
143 142
143 144
143 145
143 146
143 147
143 149
144 1
144 6
144 12
144 14
144 17
144 33
144 34
144 37
144 38
144 43
144 44
144 45
144 51
144 57
144 58
144 60
144 115
144 122
144 124
144 129
144 151
145 83
145 89
145 119
145 120
145 124
145 126
145 128
145 129
145 130
145 131
145 147
145 149
145 150
145 151
145 153
145 166
146 2
146 3
146 4
146 11
146 15
146 19
146 20
146 21
146 23
146 24
146 25
146 26
146 27
146 28
146 29
146 30
146 31
146 32
146 122
146 129
146 130
146 132
146 145
146 149
146 183
146 184
147 48
147 82
147 83
147 84
147 89
147 91
147 117
147 119
147 120
147 124
147 126
147 129
147 130
147 131
147 133
147 134
147 135
147 136
147 137
147 138
147 139
147 140
147 141
147 142
147 143
147 144
147 145
147 146
147 148
147 149
147 150
147 151
147 153
147 154
148 145
148 147
149 42
149 45
149 83
149 117
149 119
149 124
149 126
149 129
149 130
149 136
149 145
149 147
149 150
149 151
149 153
149 154
149 167
150 16
150 33
150 35
150 51
150 53
150 63
150 115
150 119
150 123
150 124
150 126
150 128
150 129
150 134
150 138
150 140
150 144
150 145
150 147
150 149
151 0
151 1
151 2
151 3
151 4
151 5
151 6
151 7
151 8
151 9
151 10
151 11
151 12
151 13
151 14
151 15
151 19
151 20
151 21
151 23
151 24
151 25
151 26
151 27
151 28
151 29
151 30
151 31
151 32
151 67
151 87
151 91
151 101
151 102
151 103
151 104
151 105
151 106
151 107
151 108
151 109
151 110
151 111
151 112
151 124
151 126
151 128
151 129
151 130
151 131
151 132
151 133
151 139
151 143
151 145
151 147
151 149
151 150
151 152
151 153
151 167
151 183
151 184
151 185
152 129
152 151
153 48
153 119
153 124
153 128
153 129
153 130
153 131
153 132
153 133
153 134
153 135
153 136
153 137
153 138
153 139
153 140
153 141
153 142
153 143
153 144
153 145
153 146
153 150
154 48
154 119
154 124
154 128
154 129
154 130
154 131
154 132
154 133
154 134
154 135
154 136
154 137
154 138
154 139
154 140
154 141
154 142
154 143
154 144
154 145
154 146
154 150
