0 152
1 130
1 135
1 152
2 130
3 130
3 141
3 151
4 125
4 126
4 130
4 141
4 147
4 151
5 152
6 126
6 130
7 152
8 126
8 130
9 152
10 152
11 130
12 130
12 135
12 152
13 130
13 152
14 126
14 130
15 130
15 152
16 131
17 125
17 130
17 132
17 153
18 16
18 17
18 130
18 131
18 140
18 144
19 130
19 156
20 100
20 130
21 125
21 130
22 130
22 157
23 130
23 151
23 152
24 130
25 125
25 130
25 147
25 151
26 84
26 125
26 130
26 141
26 152
27 130
27 133
27 140
27 147
27 152
27 158
28 130
29 125
29 130
29 141
29 147
29 152
29 159
30 130
30 141
30 151
30 152
30 155
30 160
31 130
31 131
31 132
31 133
31 141
31 147
31 160
32 130
32 141
32 147
32 148
32 150
32 152
33 65
33 84
33 116
33 117
33 125
33 130
33 134
33 135
33 136
33 144
33 148
33 151
34 123
34 125
34 130
35 130
35 134
36 90
36 130
36 134
36 135
36 161
36 162
37 125
37 127
37 130
37 134
38 125
38 126
38 130
38 135
38 147
38 163
39 125
39 126
39 130
39 134
39 136
39 144
39 145
39 151
40 130
41 125
41 126
41 130
41 134
41 136
41 144
41 145
41 146
42 88
42 102
42 103
42 104
42 105
42 106
42 107
42 125
42 126
42 130
42 131
42 137
42 146
42 150
42 151
42 152
43 76
43 122
43 125
43 130
43 138
44 123
44 130
44 131
44 137
44 144
44 145
44 151
44 152
45 130
46 130
46 152
47 125
47 130
47 137
47 151
47 152
47 164
47 165
48 130
48 154
49 88
49 126
49 130
49 138
49 154
50 88
50 125
50 126
50 130
50 131
50 143
51 90
51 123
51 125
51 130
51 131
51 132
51 133
51 143
51 145
51 151
52 125
52 130
52 131
52 143
52 151
53 125
53 130
53 131
53 143
53 151
54 130
55 130
55 143
56 125
56 130
56 134
56 145
56 152
57 69
57 122
57 129
57 130
57 133
57 134
58 123
58 130
58 133
58 134
59 130
60 36
60 58
60 92
60 116
60 117
60 125
60 126
60 130
60 139
60 144
60 145
60 149
60 151
60 166
61 124
61 125
61 130
61 142
61 151
62 124
62 125
62 130
62 132
62 142
63 61
63 62
63 75
63 126
63 130
63 132
63 142
63 146
63 167
64 33
64 141
64 164
65 33
65 125
66 66
66 67
66 68
66 72
66 74
66 76
66 77
66 156
66 157
66 158
66 159
66 160
66 161
66 162
66 163
66 164
66 165
66 166
66 167
66 168
66 169
66 170
66 171
66 172
66 173
66 174
66 175
67 67
68 78
69 153
70 176
70 177
71 88
71 92
71 130
71 178
72 153
73 88
73 92
73 94
73 96
73 97
73 99
73 125
73 127
73 130
74 61
74 65
74 66
74 67
74 68
74 69
74 70
74 71
74 72
74 75
74 76
74 77
74 127
74 130
74 150
74 156
74 157
74 158
74 159
74 160
74 161
74 162
74 163
74 164
74 165
74 166
74 167
74 168
74 169
74 170
74 171
74 172
74 173
74 174
74 175
74 176
74 177
74 179
74 180
75 79
75 80
75 81
75 82
75 119
75 127
75 130
76 43
77 51
77 52
77 53
78 29
78 30
78 38
78 64
78 65
78 66
78 67
78 68
78 72
78 74
78 76
78 77
78 84
78 85
78 127
78 130
78 156
78 157
78 158
78 159
78 160
78 161
78 162
78 163
78 164
78 165
78 166
78 167
78 168
78 169
78 170
78 171
78 172
78 173
78 174
78 175
78 181
79 75
79 80
79 81
79 82
80 75
80 79
80 81
80 82
81 75
81 79
81 80
81 82
82 75
82 79
82 80
82 81
83 11
83 24
83 38
83 40
83 45
83 69
83 84
83 85
83 86
83 87
83 88
83 92
83 95
83 99
83 118
83 120
83 125
83 130
83 132
83 133
83 135
83 136
83 137
83 138
83 139
83 140
83 141
83 142
83 143
83 144
83 145
83 146
83 147
83 148
83 149
83 150
83 152
83 154
83 155
83 181
84 4
84 19
84 20
84 21
84 25
84 26
84 31
84 32
84 85
84 87
84 88
84 90
84 92
84 94
84 96
84 97
84 99
84 100
84 101
84 125
84 127
84 130
84 132
84 141
84 146
84 147
84 148
85 92
85 125
85 130
86 95
87 96
87 100
88 50
88 84
88 96
88 97
88 125
88 130
88 151
89 67
89 98
89 128
90 46
90 51
90 67
90 69
90 75
90 118
90 120
90 125
90 130
90 131
90 137
90 143
90 150
90 151
90 155
91 179
92 85
92 94
92 125
92 130
93 55
93 92
93 94
93 125
94 69
94 83
94 84
94 85
94 93
94 125
94 127
94 148
94 179
94 180
94 182
95 86
95 125
96 45
96 67
96 69
96 87
96 94
96 100
96 125
97 4
97 21
97 84
97 85
97 90
97 92
97 96
97 98
97 99
97 120
97 125
97 127
97 129
97 130
97 131
97 150
98 89
98 120
98 128
98 130
98 131
98 151
99 4
99 84
99 101
99 125
100 20
100 67
100 69
100 87
100 94
100 96
100 125
101 11
101 21
101 29
101 30
101 31
101 72
101 73
101 75
101 84
101 88
101 92
101 99
101 120
101 125
101 127
101 129
101 130
101 141
101 146
101 147
101 148
101 150
101 151
101 155
102 47
102 123
102 134
102 137
103 122
104 122
105 123
106 123
107 47
107 123
107 130
107 131
107 152
108 16
108 120
108 125
108 127
108 131
108 140
108 151
108 153
109 53
109 120
109 125
109 127
109 131
109 143
109 151
109 153
110 53
110 120
110 125
110 127
110 131
110 143
110 151
110 153
111 53
111 120
111 125
111 127
111 131
111 143
111 151
111 153
112 53
112 120
112 125
112 127
112 131
112 143
112 151
112 153
113 53
113 120
113 125
113 127
113 131
113 143
113 151
113 153
114 17
114 69
114 75
114 115
114 119
114 122
114 130
114 140
114 178
115 130
116 125
116 130
116 133
116 135
116 136
116 137
116 138
116 139
116 140
116 141
116 142
116 143
116 145
116 147
116 152
117 120
117 123
117 130
117 131
117 132
117 133
117 134
117 135
117 136
117 137
117 138
117 139
117 140
117 141
117 142
117 143
117 145
117 147
117 152
118 71
118 83
118 90
118 96
118 114
118 120
118 125
118 130
118 140
118 146
118 148
118 150
119 114
119 122
120 48
120 108
120 109
120 110
120 111
120 112
120 113
120 116
120 117
120 118
120 123
120 124
120 125
120 128
120 129
120 130
120 131
120 132
120 133
120 134
120 139
120 140
120 143
120 145
120 146
120 148
120 150
120 151
120 152
120 153
120 154
120 155
121 50
121 53
121 68
121 123
121 125
121 132
121 143
121 150
121 151
121 155
122 32
122 42
122 122
122 125
122 131
122 152
123 71
123 75
123 99
123 118
123 130
123 140
123 144
123 149
124 17
124 54
124 61
124 62
124 63
124 68
124 75
124 124
124 125
125 0
125 1
125 2
125 3
125 4
125 5
125 6
125 7
125 8
125 9
125 10
125 11
125 12
125 13
125 14
125 15
125 16
125 17
125 18
125 19
125 20
125 21
125 22
125 23
125 24
125 25
125 26
125 27
125 28
125 29
125 30
125 31
125 32
125 33
125 34
125 35
125 36
125 37
125 38
125 39
125 40
125 41
125 42
125 43
125 44
125 45
125 46
125 47
125 48
125 49
125 50
125 51
125 52
125 53
125 54
125 55
125 56
125 57
125 58
125 59
125 60
125 61
125 62
125 63
125 127
125 129
125 130
125 131
125 132
125 133
125 134
125 135
125 136
125 137
125 138
125 139
125 140
125 141
125 142
125 143
125 144
125 145
125 146
125 147
125 150
125 151
125 183
125 184
125 185
126 3
126 4
126 6
126 8
126 14
126 15
126 17
126 18
126 22
126 28
126 31
126 33
126 37
126 39
126 41
126 42
126 43
126 45
126 48
126 52
126 53
126 59
126 61
126 62
126 63
126 124
126 130
127 66
127 84
127 99
127 125
127 130
127 135
127 136
127 137
127 138
127 139
127 140
127 141
127 142
127 143
127 144
127 145
127 146
127 147
128 89
128 98
128 127
129 102
129 103
129 104
129 105
129 106
129 107
129 108
129 109
129 110
129 111
129 112
129 113
129 125
129 127
129 130
129 131
129 132
129 133
129 134
129 151
129 152
130 1
130 2
130 3
130 4
130 5
130 6
130 8
130 9
130 11
130 13
130 14
130 15
130 16
130 17
130 18
130 19
130 20
130 21
130 22
130 23
130 24
130 25
130 26
130 27
130 28
130 29
130 30
130 31
130 32
130 33
130 34
130 35
130 36
130 37
130 38
130 39
130 40
130 41
130 42
130 43
130 44
130 45
130 46
130 47
130 48
130 49
130 50
130 51
130 52
130 53
130 54
130 55
130 56
130 57
130 58
130 59
130 60
130 61
130 62
130 64
130 67
130 69
130 84
130 88
130 90
130 99
130 108
130 115
130 116
130 118
130 120
130 121
130 124
130 125
130 126
130 127
130 128
130 129
130 131
130 132
130 133
130 134
130 135
130 136
130 137
130 138
130 139
130 140
130 141
130 142
130 143
130 144
130 145
130 146
130 147
130 148
130 150
130 151
130 152
130 153
130 154
130 155
130 184
130 185
130 186
131 130
132 17
132 31
132 47
132 54
132 56
132 61
132 62
132 63
132 106
132 124
132 125
132 130
132 142
132 150
132 153
133 27
133 32
133 44
133 51
133 52
133 53
133 125
133 130
133 152
134 33
134 34
134 35
134 36
134 37
134 38
134 39
134 40
134 41
134 56
134 57
134 58
134 59
134 60
134 102
134 117
134 126
134 127
134 129
134 130
134 135
134 136
134 144
134 146
134 151
134 152
134 153
134 154
134 172
134 180
135 35
135 36
135 38
135 40
135 84
135 125
135 127
135 130
135 133
135 144
135 145
135 146
135 152
136 33
136 37
136 39
136 41
136 68
136 84
136 85
136 99
136 116
136 117
136 118
136 124
136 125
136 129
136 130
136 133
136 134
136 135
136 136
136 137
136 138
136 139
136 140
136 141
136 142
136 143
136 144
136 145
136 146
136 148
136 149
136 150
136 152
136 174
136 175
137 1
137 12
137 42
137 44
137 45
137 46
137 47
137 68
137 69
137 84
137 88
137 90
137 101
137 102
137 116
137 117
137 120
137 123
137 125
137 130
137 133
137 135
137 136
137 138
137 139
137 140
137 141
137 142
137 143
137 144
137 145
137 146
137 148
137 151
137 152
137 155
137 165
137 176
137 179
138 43
138 48
138 122
139 34
139 56
139 57
139 58
139 60
139 94
139 130
139 133
139 134
139 135
139 136
139 137
139 138
139 140
139 141
139 142
139 143
139 144
139 145
139 146
139 147
140 6
140 14
140 17
140 18
140 23
140 27
140 28
140 130
141 4
141 20
141 25
141 26
141 30
141 31
141 32
141 101
141 116
141 117
141 130
142 61
142 62
142 63
142 67
142 74
142 84
142 101
142 102
142 125
142 144
142 145
142 146
142 167
143 50
143 51
143 52
143 53
143 54
143 55
143 90
143 109
143 110
143 111
143 112
143 113
143 116
143 117
143 122
143 125
143 130
143 145
143 151
143 155
144 16
144 17
144 18
144 33
144 34
144 35
144 36
144 37
144 38
144 39
144 40
144 41
144 42
144 43
144 44
144 45
144 46
144 47
144 48
144 49
144 50
144 51
144 52
144 53
144 54
144 55
144 56
144 57
144 58
144 59
144 60
144 61
144 62
144 63
144 114
144 116
144 117
144 123
144 125
144 127
144 128
144 129
144 130
144 131
144 132
144 133
144 134
144 135
144 136
144 137
144 138
144 139
144 140
144 142
144 143
144 145
144 146
144 147
144 148
144 150
145 1
145 6
145 12
145 14
145 17
145 33
145 34
145 37
145 38
145 43
145 44
145 45
145 51
145 57
145 58
145 60
145 116
145 123
145 125
145 130
145 152
146 84
146 90
146 120
146 121
146 125
146 127
146 129
146 130
146 131
146 132
146 148
146 150
146 151
146 152
146 154
146 167
147 2
147 3
147 4
147 11
147 15
147 19
147 20
147 21
147 23
147 24
147 25
147 26
147 27
147 28
147 29
147 30
147 31
147 32
147 123
147 130
147 131
147 133
147 146
147 150
147 183
147 184
148 48
148 83
148 84
148 85
148 90
148 92
148 118
148 120
148 121
148 125
148 127
148 130
148 131
148 132
148 134
148 135
148 136
148 137
148 138
148 139
148 140
148 141
148 142
148 143
148 144
148 145
148 146
148 147
148 149
148 150
148 151
148 152
148 154
148 155
149 146
149 148
150 42
150 45
150 67
150 84
150 118
150 120
150 125
150 127
150 130
150 131
150 137
150 146
150 148
150 151
150 152
150 154
150 155
151 16
151 33
151 35
151 51
151 53
151 63
151 116
151 120
151 124
151 125
151 127
151 129
151 130
151 135
151 139
151 141
151 145
151 146
151 148
151 150
152 0
152 1
152 2
152 3
152 4
152 5
152 6
152 7
152 8
152 9
152 10
152 11
152 12
152 13
152 14
152 15
152 19
152 20
152 21
152 23
152 24
152 25
152 26
152 27
152 28
152 29
152 30
152 31
152 32
152 67
152 68
152 88
152 92
152 102
152 103
152 104
152 105
152 106
152 107
152 108
152 109
152 110
152 111
152 112
152 113
152 125
152 127
152 129
152 130
152 131
152 132
152 133
152 134
152 140
152 144
152 146
152 148
152 150
152 151
152 153
152 154
152 183
152 184
152 185
153 130
153 152
154 48
154 120
154 125
154 129
154 130
154 131
154 132
154 133
154 134
154 135
154 136
154 137
154 138
154 139
154 140
154 141
154 142
154 143
154 144
154 145
154 146
154 147
154 151
155 48
155 120
155 125
155 129
155 130
155 131
155 132
155 133
155 134
155 135
155 136
155 137
155 138
155 139
155 140
155 141
155 142
155 143
155 144
155 145
155 146
155 147
155 151
