0 2
0 3
0 4
0 5
0 10
0 11
0 14
0 16
0 17
0 20
0 22
0 27
0 28
0 29
0 30
0 31
0 32
0 34
0 45
0 53
0 55
0 56
0 59
0 62
0 63
0 69
0 70
0 71
0 72
0 73
0 74
0 75
0 76
0 77
0 82
0 85
0 88
0 89
0 90
0 94
0 98
0 99
0 104
0 105
0 106
0 109
0 110
0 111
0 112
0 113
0 114
0 115
0 116
0 117
0 118
0 119
0 120
0 122
0 123
0 124
0 125
0 126
0 127
0 128
0 129
0 130
0 131
0 132
0 133
0 134
0 135
0 136
0 137
0 138
0 139
0 140
0 141
0 142
0 143
0 145
0 147
0 149
0 150
0 151
0 152
0 153
0 156
0 157
0 158
1 0
1 2
1 11
1 15
1 16
1 17
1 20
1 22
1 27
1 32
1 37
1 38
1 40
1 41
1 43
1 47
1 48
1 49
1 50
1 51
1 59
1 60
1 70
1 71
1 72
1 73
1 74
1 77
1 83
1 85
1 86
1 98
1 99
1 102
1 103
1 107
1 108
1 111
1 113
1 114
1 122
1 123
1 124
1 125
1 126
1 127
1 128
1 129
1 130
1 131
1 132
1 133
1 134
1 135
1 145
1 146
1 149
1 150
1 151
1 152
1 153
1 156
1 157
1 158
2 0
2 1
2 3
2 4
2 5
2 6
2 7
2 9
2 10
2 11
2 14
2 15
2 16
2 17
2 19
2 20
2 22
2 25
2 27
2 28
2 29
2 30
2 31
2 32
2 34
2 36
2 39
2 40
2 41
2 42
2 43
2 44
2 45
2 55
2 56
2 59
2 60
2 62
2 63
2 67
2 69
2 70
2 71
2 72
2 73
2 74
2 75
2 76
2 77
2 82
2 85
2 88
2 89
2 90
2 93
2 94
2 98
2 99
2 104
2 105
2 106
2 109
2 110
2 111
2 112
2 113
2 114
2 115
2 116
2 117
2 118
2 119
2 120
2 121
2 122
2 123
2 124
2 125
2 126
2 127
2 128
2 130
2 131
2 132
2 133
2 134
2 135
2 136
2 137
2 138
2 139
2 140
2 141
2 142
2 143
2 144
2 145
2 146
2 147
2 150
2 152
2 154
2 157
2 158
2 186
3 0
3 1
3 2
3 4
3 7
3 10
3 11
3 13
3 16
3 17
3 22
3 28
3 29
3 30
3 34
3 36
3 37
3 39
3 40
3 42
3 43
3 45
3 55
3 62
3 68
3 77
3 83
3 88
3 101
3 105
3 121
3 125
3 129
3 138
3 139
3 154
3 162
3 163
3 183
4 0
4 1
4 2
4 31
4 56
4 63
4 68
4 76
4 82
4 94
4 104
4 105
4 106
4 112
4 115
4 121
4 122
4 124
4 125
4 129
4 138
5 2
5 22
5 32
5 68
5 70
5 71
5 72
5 73
5 74
5 77
5 85
5 98
5 111
5 113
5 114
5 126
5 127
5 128
5 131
5 132
5 133
5 134
5 135
5 145
5 156
5 157
6 2
6 14
6 19
6 53
6 56
6 69
6 74
6 82
6 88
6 109
6 110
6 111
6 112
6 115
6 116
6 117
6 118
6 119
6 122
6 123
6 124
6 127
6 131
6 134
6 138
6 140
6 143
7 0
7 2
7 5
7 8
7 9
7 10
7 13
7 20
7 21
7 35
7 36
7 40
7 43
7 59
7 64
7 70
7 74
7 77
7 85
7 86
7 95
7 97
7 98
7 111
7 113
7 114
7 135
8 0
8 2
8 7
8 9
8 32
8 35
8 36
8 39
8 59
8 86
8 92
8 95
8 99
8 111
8 113
8 145
9 0
9 7
9 13
9 111
10 2
10 13
10 73
10 74
10 85
10 98
10 101
10 111
10 114
10 121
10 135
11 2
11 14
11 71
11 112
11 122
11 124
11 132
11 134
12 0
12 1
12 2
12 3
12 4
12 5
12 7
12 9
12 10
12 11
12 16
12 20
12 22
12 28
12 29
12 30
12 32
12 34
12 39
12 40
12 41
12 42
12 43
12 45
12 55
12 67
12 76
12 77
12 86
12 87
12 95
12 96
12 97
12 128
12 133
12 137
12 138
12 148
12 154
12 159
13 0
13 2
13 5
13 7
13 9
13 10
13 17
13 32
13 39
13 40
13 42
13 43
13 59
13 72
13 73
13 74
13 77
13 84
13 86
13 91
13 99
13 113
13 128
13 155
14 2
14 11
14 16
14 112
14 145
14 147
15 0
15 11
15 17
15 39
15 59
15 145
15 146
15 147
16 0
16 2
16 3
16 4
16 5
16 11
16 14
16 18
16 20
16 22
16 27
16 28
16 29
16 30
16 31
16 32
16 34
16 40
16 45
16 53
16 55
16 56
16 59
16 62
16 63
16 68
16 75
16 76
16 77
16 82
16 88
16 89
16 90
16 93
16 94
16 99
16 101
16 104
16 105
16 106
16 109
16 110
16 112
16 115
16 116
16 117
16 118
16 119
16 120
16 121
16 136
16 137
16 138
16 139
16 140
16 141
16 142
16 143
16 145
16 147
17 0
17 2
17 4
17 10
17 19
17 29
17 30
17 32
17 39
17 40
17 53
17 56
17 59
17 77
17 94
17 99
17 119
17 121
17 136
17 147
18 2
18 11
18 24
18 84
18 100
18 112
18 144
18 154
18 160
19 0
19 19
19 53
19 83
19 84
19 109
19 110
19 112
19 141
20 0
20 2
20 19
20 32
20 53
20 55
20 62
20 74
20 108
20 109
20 110
20 112
20 120
20 141
20 146
21 0
21 35
21 60
21 64
21 97
21 98
21 154
22 0
22 1
22 2
22 71
22 94
22 105
22 118
22 119
22 135
23 2
23 7
23 25
23 26
23 33
23 46
23 54
23 58
23 59
23 60
23 72
23 73
23 76
23 83
23 95
23 155
23 159
23 161
23 164
23 166
23 167
23 168
23 169
23 170
23 171
23 172
23 173
23 174
23 176
23 177
23 178
23 179
23 180
23 181
23 182
23 183
23 184
24 0
24 1
24 24
24 88
24 135
24 145
25 10
25 56
25 161
26 0
26 56
27 1
27 2
27 6
27 16
27 17
27 28
27 30
27 31
27 37
27 41
27 56
27 59
27 63
27 75
27 76
27 77
27 99
27 101
27 104
27 106
27 115
27 116
27 117
27 120
27 136
27 137
27 143
27 146
27 174
27 175
28 0
28 1
28 2
28 3
28 4
28 7
28 9
28 10
28 11
28 16
28 19
28 22
28 27
28 28
28 29
28 30
28 32
28 34
28 40
28 45
28 55
28 56
28 67
28 77
28 83
28 95
28 99
28 101
28 115
28 116
28 117
28 121
28 148
28 180
28 181
29 2
29 3
29 4
29 5
29 10
29 11
29 16
29 22
29 27
29 28
29 30
29 31
29 34
29 45
29 55
29 63
29 64
29 77
29 104
29 106
29 120
30 0
30 1
30 2
30 4
30 7
30 16
30 22
30 59
30 75
30 76
30 77
30 136
30 137
31 0
31 2
31 4
31 6
31 16
31 17
31 29
31 75
31 86
31 101
31 106
31 121
31 148
31 184
32 0
32 1
32 2
32 3
32 7
32 17
32 39
32 40
32 41
32 42
32 59
32 60
32 67
32 77
32 88
32 138
32 145
33 82
34 24
34 82
34 140
35 0
35 21
35 60
35 64
35 97
35 138
35 154
36 0
36 2
36 3
36 17
36 32
36 39
36 42
36 45
36 60
36 67
36 84
36 94
36 139
36 145
36 154
37 3
37 27
37 62
37 68
38 1
38 2
38 62
38 68
38 145
39 0
39 1
39 2
39 4
39 11
39 15
39 17
39 19
39 20
39 22
39 27
39 29
39 32
39 40
39 41
39 42
39 45
39 47
39 48
39 49
39 50
39 51
39 67
39 68
39 77
39 93
39 99
39 101
39 121
39 140
39 145
39 146
40 0
40 1
40 2
40 3
40 4
40 5
40 7
40 10
40 11
40 12
40 16
40 17
40 20
40 27
40 28
40 29
40 30
40 32
40 34
40 36
40 39
40 41
40 42
40 44
40 45
40 55
40 59
40 67
40 77
40 86
40 95
40 140
40 145
40 148
41 0
41 2
41 3
41 4
41 5
41 10
41 11
41 16
41 17
41 20
41 22
41 27
41 28
41 29
41 30
41 34
41 39
41 45
41 55
41 77
41 99
41 140
41 145
42 0
42 2
42 3
42 4
42 5
42 10
42 11
42 16
42 17
42 20
42 22
42 27
42 28
42 29
42 30
42 34
42 39
42 45
42 55
42 77
42 99
42 140
42 145
43 0
43 2
43 7
43 8
43 17
43 35
43 90
44 0
44 17
44 20
44 32
44 42
44 45
44 68
44 83
44 90
44 119
45 0
45 2
45 4
45 17
45 24
45 36
45 42
45 47
45 48
45 49
45 50
45 51
45 90
45 94
45 101
45 118
45 119
45 121
45 141
45 142
46 94
46 118
46 119
47 0
47 17
47 39
47 45
47 59
47 119
47 145
47 146
48 0
48 17
48 39
48 45
48 59
48 119
48 145
48 146
49 0
49 17
49 39
49 45
49 59
49 119
49 145
49 146
50 0
50 17
50 39
50 45
50 59
50 119
50 145
50 146
51 0
51 17
51 39
51 45
51 59
51 119
51 145
51 146
52 0
52 64
52 86
52 142
53 2
53 6
53 20
53 55
53 77
53 84
53 109
53 110
53 182
54 2
54 26
54 32
54 33
54 46
54 57
54 58
54 59
54 60
54 66
54 83
54 84
54 109
54 154
54 155
54 161
54 162
54 163
54 164
54 165
54 166
54 167
54 168
54 169
54 170
54 171
54 172
54 173
54 174
54 175
54 176
54 177
54 178
54 179
54 180
54 181
54 182
54 183
54 184
55 0
55 4
55 7
55 13
55 16
55 37
55 53
55 54
55 60
55 77
55 109
55 110
55 182
56 0
56 2
56 7
56 16
56 17
56 26
56 27
56 28
56 30
56 40
56 101
56 121
57 2
57 43
57 86
57 160
58 33
58 46
58 54
58 58
58 60
58 83
58 155
58 161
58 164
58 166
58 167
58 168
58 169
58 170
58 171
58 172
58 173
58 174
58 176
58 177
58 178
58 179
58 180
58 181
58 182
58 183
58 184
59 0
59 2
59 3
59 4
59 5
59 7
59 9
59 10
59 11
59 16
59 28
59 29
59 30
59 34
59 45
59 55
59 58
59 77
60 60
61 60
61 92
61 93
62 0
62 1
62 2
62 3
62 17
62 161
62 183
63 2
63 22
63 24
63 27
63 99
63 154
64 0
64 7
64 12
64 40
64 52
64 59
64 95
64 154
64 162
64 175
64 185
65 162
66 163
66 165
67 0
67 2
67 11
67 12
67 18
67 32
67 35
67 36
67 39
67 40
67 57
67 77
68 2
68 9
68 11
68 16
68 57
68 67
68 84
68 148
69 2
69 166
70 2
70 169
71 1
71 2
71 5
71 11
71 22
71 170
72 0
72 1
72 2
72 5
72 10
72 172
73 1
73 2
73 10
73 17
73 42
73 173
74 2
74 5
74 10
74 20
74 22
74 145
74 173
75 2
75 27
75 30
75 36
75 176
75 178
76 0
76 2
76 5
76 6
76 30
76 179
77 0
77 1
77 2
77 7
77 17
77 20
77 32
77 36
77 39
77 40
77 41
77 44
77 59
77 99
77 145
77 182
78 79
78 80
78 81
78 84
79 78
79 80
79 81
79 84
80 78
80 79
80 81
80 84
81 78
81 79
81 80
81 84
82 0
82 2
82 24
82 33
82 34
83 23
84 2
84 59
84 78
84 79
84 80
84 81
84 100
85 0
85 1
85 2
85 7
85 10
86 0
86 2
86 64
86 95
87 0
87 96
88 0
88 1
88 2
88 3
88 6
88 17
88 32
88 37
88 38
88 43
88 77
88 102
88 103
88 107
88 108
88 145
89 2
89 6
89 34
89 41
89 43
90 0
90 2
90 6
90 43
90 45
90 145
91 0
91 2
91 8
91 9
91 35
91 43
91 59
91 64
91 86
92 2
92 17
92 39
92 61
92 93
92 145
93 59
93 61
93 92
94 0
94 2
94 4
94 17
94 20
94 22
94 36
94 45
94 68
94 145
95 0
95 2
95 86
96 87
97 21
97 35
98 2
98 21
99 0
99 1
99 2
99 15
99 17
99 20
99 22
99 27
99 37
99 38
99 47
99 48
99 49
99 50
99 51
99 59
99 102
99 103
99 107
99 108
99 145
100 18
100 24
101 1
101 2
101 3
101 4
101 5
101 10
101 11
101 20
101 22
101 27
101 28
101 29
101 30
101 34
101 39
101 45
101 55
101 68
101 145
102 24
103 24
104 0
104 2
104 68
105 1
105 2
105 3
105 4
105 16
105 17
105 68
105 145
106 2
106 22
106 27
106 68
107 68
108 68
109 0
109 2
109 17
109 19
109 55
110 0
110 2
110 19
110 20
110 55
111 0
111 2
111 5
111 6
111 10
111 17
112 0
112 2
112 20
112 146
113 0
113 2
114 0
114 2
114 5
114 17
115 0
115 2
115 27
115 59
116 0
116 2
116 4
116 6
116 16
116 17
116 27
116 28
117 0
117 2
117 4
117 6
117 16
117 27
117 28
117 77
118 0
118 2
118 17
118 45
118 145
119 0
119 2
119 17
119 45
119 145
120 0
120 1
120 2
120 4
120 27
121 0
121 1
121 2
121 3
121 4
121 5
121 10
121 11
121 22
121 28
121 29
121 30
121 34
121 45
121 55
122 2
122 6
123 2
123 6
124 2
124 6
125 1
125 2
125 30
126 2
127 2
127 10
127 17
128 2
129 1
129 2
129 30
130 1
130 2
131 1
131 2
132 1
132 2
132 17
133 2
134 2
135 1
135 2
135 5
135 10
135 32
135 40
136 2
136 27
137 2
138 2
139 1
139 2
140 2
140 41
141 2
142 2
142 45
143 2
144 2
145 2
146 1
146 2
147 145
148 40
148 77
149 1
150 1
151 1
152 1
153 1
154 146
155 146
